- Name: ff_jy
  NPhat: -0.11201470731370086
  NPerrHi: 0.9626916517818134
  NPerrLo: -0.9556958801440139
  POIup: -0.0017820293735917344
  POIdown: 0.0017460738315245772
- Name: scf_syst
  NPhat: 0.10845526296743303
  NPerrHi: 0.7421286884720419
  NPerrLo: -0.7183674900651541
  POIup: -0.0006984556638568311
  POIdown: 0.0006673006227546891
- Name: ff_ey
  NPhat: 0.17817117867890545
  NPerrHi: 0.8213380642896749
  NPerrLo: -0.8014376922904984
  POIup: -0.0006559326764668432
  POIdown: 0.0006317166406962144